SWV ITM Data Console - ITM Port: 0
0
-58770
6419
6753
7163
7722
8698
9752
6791
3843
3508
3159
-62794
2494
2261
2097
1958
1862
1739
1693
1595
1535
1499
1423
1399
1350
1317
1282
1260
1212
1208
1163
1142
1140
1122
1145
1140
1145
1151
1164
1148
1177
1158
1165
1180
1162
1183
1177
1186
1189
1205
1189
1219
1202
1206
1226
1205
1229
1223
-64305
1237
1253
1236
1268
1250
1255
1274
1254
1278
1274
1280
1287
1303
1288
1320
1296
1265
1239
1190
1191
1171
1170
1164
1171
1146
1160
1127
1113
1108
1071
1069
1046
1032
1019
1011
983
991
962
954
953
925
930
915
908
903
901
880
892
871
866
870
846
855
843
841
837
839
821
835
817
813
-64716
800
808
800
799
797
805
793
812
797
802
811
798
810
806
808
812
819
808
827
813
815
827
811
825
821
824
826
835
823
843
829
831
843
827
842
836
841
842
853
839
859
847
847
860
844
859
854
857
860
870
856
878
862
866
877
862
877
871
876
878
888
875
896
881
885
895
874
882
870
869
867
872
855
874
858
858
-64671
844
854
845
843
840
845
827
842
825
823
829
812
819
811
812
810
813
798
813
798
796
802
785
795
787
788
787
791
776
792
776
776
783
767
775
769
770
769
775
759
776
760
761
767
752
763
755
756
756
762
748
766
754
755
766
752
765
759
763
764
773
762
779
766
768
778
765
777
772
776
777
785
775
792
779
781
792
778
790
786
790
791
799
-64748
806
794
795
805
792
805
800
803
806
814
802
821
807
811
819
807
819
816
817
821
829
817
837
822
825
837
820
836
830
834
836
842
826
840
823
823
830
813
825
819
821
821
826
811
825
809
809
814
798
807
800
799
799
803
789
803
788
788
794
778
788
780
781
780
786
770
786
772
771
778
762
772
766
766
766
771
757
772
759
758
-64771
750
760
754
754
755
760
746
762
748
748
756
740
751
745
749
750
759
747
764
753
753
764
750
762
758
760
763
771
758
777
764
766
776
762
775
770
773
775
783
771
791
776
779
789
776
788
783
786
789
796
786
803
790
793
803
788
802
797
801
802
811
799
818
804
806
818
802
816
812
814
817
826
814
832
819
821
832
818
831
822
821
819
823
-64727
823
807
807
814
796
806
798
799
798
803
787
803
787
788
794
778
787
780
781
779
785
770
786
772
771
778
762
772
765
767
765
771
757
773
758
758
766
750
760
754
754
755
760
747
762
748
749
755
741
751
744
746
745
752
737
754
739
741
748
735
747
742
747
746
756
743
762
749
750
760
747
759
754
758
759
767
755
774
760
762
773
759
771
767
769
-64765
781
767
786
773
776
785
772
784
779
783
784
793
781
800
786
789
799
784
798
793
796
798
808
794
813
801
802
813
799
812
807
810
812
822
809
828
815
817
826
809
818
809
810
809
816
801
818
804
803
810
793
803
796
796
794
800
785
800
785
784
793
774
785
779
778
778
783
769
784
769
769
776
761
771
763
765
764
770
756
771
757
-64779
764
749
759
753
754
753
759
745
760
747
748
755
739
750
743
745
745
751
737
752
739
742
751
737
750
745
748
749
758
746
763
751
753
763
749
761
756
760
761
770
757
776
762
765
775
761
774
768
772
774
782
770
789
775
777
788
774
786
782
785
787
795
784
801
789
791
801
787
800
795
798
801
810
797
815
803
804
816
800
815
809
813
815
824
-64725
830
815
815
820
802
813
806
807
807
815
799
819
802
803
809
792
802
794
795
793
800
783
799
785
783
790
775
784
777
778
776
782
768
783
769
768
776
759
769
764
764
763
769
755
770
756
756
764
748
758
752
753
753
758
744
761
746
746
754
738
749
743
744
743
750
737
754
743
744
754
740
752
749
750
752
761
749
766
753
756
765
752
764
760
-64774
764
773
760
779
766
767
778
764
777
772
774
777
786
773
792
778
781
791
777
789
785
788
790
799
787
805
792
794
804
790
804
798
802
803
814
800
819
806
808
818
804
818
813
816
818
827
811
826
809
808
816
798
811
804
807
807
814
801
819
803
803
810
792
802
795
795
795
799
783
800
784
784
790
775
784
777
778
777
781
769
783
768
-64768
775
760
769
763
764
763
769
754
771
755
756
763
749
757
752
752
753
757
745
759
746
746
754
738
749
743
743
747
754
743
759
748
749
759
746
757
753
756
758
766
754
772
759
761
771
757
770
765
768
771
778
766
785
771
774
784
770
782
779
780
783
792
780
797
786
786
797
784
795
791
795
796
806
793
811
799
800
811
797
810
805
809
811
819
-64729
826
813
815
825
811
825
820
822
819
822
809
823
807
809
817
801
813
807
810
809
814
799
814
798
798
804
787
798
789
791
789
794
779
795
780
779
786
771
779
773
774
773
777
765
780
764
765
772
756
766
759
761
760
765
751
768
752
753
761
745
755
749
749
750
756
741
758
743
744
751
737
747
743
747
746
757
744
762
748
751
761
747
759
-64782
758
759
768
756
773
761
763
772
759
772
767
769
772
781
768
786
774
775
786
772
784
780
783
785
793
782
799
787
789
799
785
798
794
796
798
808
795
813
801
802
814
798
813
807
810
813
822
809
828
815
817
828
812
823
813
815
812
818
802
820
806
807
815
797
809
800
801
799
805
789
804
790
789
795
779
789
782
782
782
786
772
788
-64765
773
780
763
773
767
767
767
772
758
773
760
759
766
751
760
755
755
756
760
747
763
748
748
757
740
751
744
747
745
752
738
753
740
741
750
737
749
745
747
749
757
746
763
750
752
762
748
761
755
760
761
768
758
774
763
764
773
761
773
768
771
773
781
770
788
774
777
787
773
785
782
784
786
795
782
801
789
790
800
787
799
794
798
800
-64727
796
815
802
803
815
800
814
808
812
815
822
811
830
816
817
822
804
814
807
806
805
810
794
810
795
794
802
783
795
786
788
787
791
777
792
777
777
784
767
778
770
772
771
776
761
777
763
763
770
754
764
758
759
758
764
749
765
752
751
760
744
754
747
749
748
754
741
757
742
743
751
735
746
739
740
740
747
734
748
737
738
749
734
747
-64794
746
746
755
743
761
748
749
760
746
758
754
756
759
766
754
773
759
762
771
758
771
765
768
771
779
766
785
772
774
785
770
783
777
782
783
792
780
798
784
787
798
783
796
791
795
796
805
793
812
798
801
811
796
810
805
808
811
820
806
826
810
809
815
798
808
800
804
803
810
795
814
798
799
806
788
798
791
791
791
795
781
796
-64755
781
788
771
781
774
775
774
780
765
780
766
767
772
758
767
761
761
762
766
752
769
754
753
762
745
756
750
751
751
756
742
758
744
745
752
737
747
741
742
742
749
735
752
741
742
752
738
750
746
749
750
759
747
764
751
754
763
750
761
757
761
762
770
759
775
764
765
775
762
774
769
772
775
782
771
789
776
777
788
774
787
782
785
788
795
-64752
801
789
791
802
786
800
796
798
800
810
797
815
802
805
815
800
814
809
813
814
824
808
825
808
807
814
797
808
801
805
804
812
796
812
796
796
803
785
795
789
788
789
793
777
794
779
778
786
769
779
772
773
773
777
764
779
763
763
771
755
765
758
760
759
765
750
767
751
753
759
745
754
748
750
749
755
741
757
743
743
750
736
746
-64796
741
742
750
738
755
744
745
755
741
753
749
752
753
762
750
768
754
757
766
753
765
761
763
765
774
763
779
767
769
779
765
777
773
776
778
787
774
793
779
782
792
778
790
786
790
791
800
788
805
793
795
806
791
804
799
804
804
814
801
820
807
809
819
806
819
813
816
818
822
805
820
805
806
813
797
809
803
806
805
812
794
812
796
-64741
802
784
795
787
789
787
792
777
793
777
778
784
769
778
771
772
772
776
763
777
763
763
771
755
764
759
759
759
764
750
766
751
753
759
744
754
748
748
750
755
740
757
742
744
750
736
746
740
743
746
753
742
759
746
749
758
745
756
752
755
757
765
753
771
757
760
771
755
768
765
767
768
778
765
783
770
772
783
768
781
776
780
781
790
-64758
795
784
785
795
781
794
789
793
794
803
791
810
796
799
809
793
808
803
806
809
817
804
824
810
812
824
808
822
814
814
812
816
800
816
800
799
807
789
799
792
793
791
795
782
798
781
782
788
772
782
775
776
774
779
767
781
767
766
773
758
767
761
762
761
768
752
769
754
754
762
745
757
750
751
751
756
743
759
744
745
752
738
747
-64795
743
743
748
735
750
738
737
745
731
742
738
740
743
750
739
756
743
745
755
742
754
749
751
754
761
751
767
755
756
767
753
765
761
764
765
774
762
779
767
769
779
765
778
773
775
778
787
774
793
779
782
791
778
790
786
789
791
800
787
806
792
795
806
791
803
800
802
805
813
801
820
806
809
818
805
816
807
808
805
810
797
811
796
795
-64734
786
795
788
789
788
792
778
793
779
778
785
769
779
772
772
773
777
763
778
764
764
771
756
765
758
760
760
765
750
767
752
752
760
745
755
748
749
749
755
741
757
743
743
752
735
746
739
742
740
747
734
749
735
736
744
731
742
738
742
742
751
739
757
744
745
755
742
754
750
752
754
762
750
768
755
757
767
754
766
760
765
765
775
762
780
-64769
769
779
766
778
773
777
778
787
775
793
780
781
792
779
791
786
789
791
800
788
806
793
794
807
791
804
800
802
805
813
802
820
806
809
819
802
811
804
803
802
808
795
811
797
799
808
792
802
796
796
794
800
785
800
785
784
793
775
785
777
779
778
783
769
784
769
769
776
761
771
764
764
764
770
755
772
756
757
764
749
758
753
-64783
753
758
745
761
747
747
753
740
749
743
745
743
750
737
753
738
739
751
736
748
744
747
748
757
744
763
749
752
761
747
760
755
758
760
768
757
773
761
764
773
758
773
767
770
772
781
768
786
773
776
786
772
784
780
782
785
794
781
799
787
788
799
784
797
793
797
797
807
793
814
800
802
812
798
811
806
810
812
820
808
827
814
814
820
-64736
811
804
805
804
811
798
815
801
802
810
792
802
795
795
795
798
784
799
784
784
791
774
784
777
778
776
783
768
782
769
768
776
759
770
762
764
762
770
753
771
755
756
763
748
757
751
752
752
757
744
759
745
746
753
738
748
742
743
743
749
735
752
739
742
751
738
749
746
748
750
758
746
763
751
753
762
750
761
756
759
762
769
757
776
-64773
764
775
760
774
768
772
774
781
770
788
775
777
787
773
786
781
785
786
795
782
801
788
790
800
786
800
794
797
800
809
795
815
801
804
814
799
814
807
812
813
823
809
828
810
809
815
797
808
800
799
799
803
789
804
789
789
795
778
789
781
782
781
786
772
786
773
772
778
763
773
765
767
766
772
757
773
758
758
766
750
760
753
755
-64782
761
746
761
748
748
756
739
751
744
745
745
751
737
753
739
740
747
733
742
736
738
737
744
732
750
737
738
749
735
747
742
745
748
754
744
760
748
751
759
746
759
753
757
759
766
755
772
760
762
771
758
770
766
769
770
779
767
785
772
774
784
770
783
778
781
783
793
779
798
785
786
798
783
795
792
794
796
806
793
811
797
801
811
796
809
-64730
807
810
819
804
820
803
803
809
793
803
798
800
800
805
793
807
792
791
798
781
792
784
785
783
789
774
790
774
775
782
765
776
768
770
768
775
759
776
761
761
769
752
762
757
757
756
763
749
763
750
751
757
743
752
746
747
747
753
740
754
741
742
749
734
745
737
741
739
748
735
754
740
743
752
739
751
746
749
751
759
747
765
751
754
-64772
750
762
758
760
762
771
759
776
763
767
775
762
774
770
772
774
784
771
789
776
779
787
775
787
782
785
788
796
784
802
789
791
801
788
800
796
798
801
809
797
816
803
804
815
801
814
809
813
814
820
804
819
803
803
811
793
807
799
803
801
808
792
807
792
791
799
782
791
784
785
784
788
776
789
775
775
781
766
775
769
770
769
-64762
759
776
761
761
767
753
762
756
757
756
762
748
764
750
749
758
741
753
746
746
747
753
739
755
739
742
749
733
744
738
740
742
750
738
756
743
745
755
741
753
748
752
753
761
750
767
754
756
766
752
765
760
763
765
773
761
779
766
768
779
764
777
772
776
777
785
774
792
779
780
791
777
789
785
788
790
799
786
805
791
794
804
790
803
798
-64735
804
812
800
818
805
808
818
803
818
811
814
811
816
799
816
799
799
806
789
798
792
791
791
795
782
796
781
781
788
771
782
774
775
775
779
765
781
766
766
773
757
767
760
761
762
766
753
768
752
753
761
745
755
749
750
749
756
742
757
743
744
751
736
747
740
741
742
747
734
749
735
737
744
729
740
734
738
739
748
736
752
741
742
752
-64798
751
746
749
750
759
747
764
752
753
764
749
762
758
760
762
770
759
776
763
766
775
762
774
769
773
774
783
771
788
775
779
788
774
786
782
786
786
796
783
802
788
791
801
787
800
795
798
800
809
796
816
802
804
814
801
813
806
807
804
809
793
811
796
797
805
791
802
797
799
799
805
789
805
789
789
796
780
789
781
783
782
786
773
-64748
773
772
780
764
774
767
768
767
773
758
773
760
760
767
751
761
755
756
755
762
746
764
748
749
756
741
751
745
746
746
752
738
754
740
741
748
734
746
740
745
745
755
742
759
747
749
758
745
757
753
755
757
765
754
771
758
760
770
757
769
763
767
770
777
765
784
770
772
783
769
781
776
779
782
790
778
796
783
785
795
782
794
789
793
-64742
804
791
809
796
798
809
794
808
803
806
808
817
805
823
810
811
824
806
816
808
807
805
811
795
811
794
795
802
785
794
788
787
787
792
777
792
777
778
785
768
777
772
771
771
776
762
778
763
763
770
754
765
758
759
758
763
750
766
751
752
759
743
754
747
748
748
754
740
757
741
743
750
735
745
739
739
741
746
732
748
735
736
743
731
-64793
738
741
742
751
739
756
744
746
755
742
753
749
753
753
763
749
768
755
757
767
753
765
761
764
765
774
762
780
767
769
779
765
778
773
776
777
788
774
792
779
782
791
778
791
786
789
790
800
787
806
791
795
805
790
805
799
802
804
814
800
820
806
808
818
801
809
802
803
801
807
793
811
797
797
807
792
804
796
797
796
801
786
802
-64750
786
792
777
786
778
780
779
784
770
784
771
770
778
761
771
765
765
765
768
758
772
757
758
765
749
759
753
754
754
759
745
761
747
748
755
739
750
743
746
744
749
739
752
739
741
751
737
749
744
748
749
757
746
762
751
752
762
748
760
756
759
760
769
757
774
762
764
773
760
773
767
771
772
782
768
788
773
776
786
773
785
780
784
784
794
-64754
800
786
789
800
785
798
793
796
799
807
795
813
800
802
814
798
811
808
809
812
822
809
826
814
814
820
801
811
803
806
804
812
797
816
801
803
810
792
804
795
795
794
799
784
800
784
784
791
775
784
777
778
777
782
768
783
768
769
776
759
769
764
764
762
768
755
770
756
755
764
747
758
751
752
752
756
746
759
745
746
753
738
-64788
741
744
743
749
735
752
740
743
751
738
751
745
749
750
759
746
765
751
753
763
749
762
757
760
761
770
759
775
763
765
775
761
774
769
772
774
782
771
788
775
778
787
774
786
782
785
787
795
783
801
789
790
801
786
800
794
798
800
808
797
815
802
804
814
800
813
808
812
814
823
810
826
809
809
814
798
809
801
804
804
812
797
816
-64734
802
809
793
802
794
795
793
798
784
799
783
783
790
774
783
776
777
776
781
766
783
767
767
775
758
769
762
762
763
767
753
769
755
755
762
747
756
751
751
751
755
744
759
744
745
752
738
747
742
742
743
751
738
757
743
746
756
742
753
750
752
754
762
750
768
755
757
767
753
766
761
763
766
774
762
780
766
769
780
765
778
773
776
778
786
-64761
793
779
781
793
777
791
786
789
791
800
787
806
792
795
805
791
804
799
802
805
814
800
820
805
810
819
804
818
813
816
818
822
805
822
804
804
810
794
803
795
796
795
799
786
800
785
786
791
776
785
778
779
778
782
769
784
769
769
777
760
770
764
765
763
769
755
772
755
757
764
748
758
752
753
753
758
744
761
746
746
754
739
-64787
742
745
743
750
736
752
738
739
746
731
742
735
738
740
748
736
754
740
743
752
739
751
747
748
751
760
747
765
752
754
764
749
762
759
760
763
771
758
777
764
766
776
762
774
770
773
774
783
772
789
776
778
788
775
787
782
786
787
796
784
802
789
791
802
787
801
795
799
801
809
798
815
803
804
816
801
814
809
811
810
812
799
813
799
-64736
806
791
800
793
793
792
797
783
797
783
783
789
773
784
775
777
776
780
768
782
768
768
775
758
769
762
763
763
766
755
770
755
756
762
748
757
751
752
752
756
745
760
745
746
753
739
748
742
743
744
749
736
751
737
739
746
731
741
736
739
741
749
739
754
743
744
754
740
752
748
751
752
760
749
766
754
755
766
751
764
759
763
763
773
760
-64757
765
767
778
763
777
771
775
776
785
773
791
777
780
790
777
788
785
787
789
798
785
804
791
793
803
790
802
797
800
803
812
798
818
804
807
817
802
816
809
808
806
811
796
812
798
798
808
790
801
793
793
792
797
783
798
783
783
789
774
783
776
777
776
780
767
782
768
768
774
760
768
763
763
762
767
755
769
755
755
764
747
758
750
-64784
752
756
745
759
746
746
753
738
749
742
743
743
750
735
751
738
738
747
731
742
739
741
742
752
739
756
744
746
756
742
754
749
752
755
762
750
769
754
757
768
753
766
761
764
766
774
763
780
767
769
779
765
779
773
777
778
786
775
793
779
782
792
778
791
786
789
791
800
787
806
793
794
806
791
804
799
803
804
814
801
820
806
808
819
-64731
815
808
807
806
810
796
814
798
800
809
794
805
800
802
800
807
791
807
790
792
797
781
790
784
784
783
788
774
789
774
774
781
765
775
768
769
768
773
759
775
761
760
767
753
762
756
756
756
762
747
764
748
749
757
740
752
745
745
746
752
738
754
739
741
749
737
748
743
746
749
756
745
761
749
751
761
748
759
755
758
759
767
756
774
-64775
762
773
758
772
766
770
771
781
767
786
773
775
785
771
784
779
782
784
793
780
799
785
788
798
784
796
793
795
797
806
794
812
798
801
812
797
810
806
809
811
819
808
826
812
815
821
804
813
804
806
805
810
799
812
797
796
804
786
796
788
789
788
794
778
794
778
778
785
769
779
771
773
772
777
763
778
764
763
771
756
765
758
-64776
759
764
751
766
751
753
759
745
754
748
749
749
754
741
756
743
744
751
736
746
739
741
741
747
733
749
736
738
747
734
746
742
744
746
753
743
760
746
749
759
745
757
752
756
757
766
753
771
759
760
770
757
769
764
767
770
778
765
783
771
772
783
768
782
777
779
782
790
778
796
783
785
796
781
794
789
794
794
803
791
810
796
798
809
795
-64728
802
806
809
816
805
823
810
810
815
797
807
798
800
798
803
788
803
789
787
796
778
788
781
782
781
785
772
787
772
772
780
763
773
767
767
766
770
760
773
759
759
766
750
760
755
756
754
760
746
763
748
749
755
741
750
745
746
745
750
739
753
740
740
747
733
743
737
738
738
743
731
747
735
737
746
733
745
740
743
745
753
741
758
746
748
-64778
743
756
752
754
756
764
752
770
757
760
768
756
767
764
765
768
777
764
782
769
771
782
767
780
776
778
780
790
776
795
782
783
795
780
792
788
791
794
802
789
808
795
797
808
793
806
802
804
807
815
803
822
804
804
810
793
803
797
798
799
806
792
809
796
798
806
789
800
792
792
791
797
781
797
782
782
788
772
782
775
776
775
-64756
766
781
767
766
774
758
768
761
762
762
766
754
768
754
756
762
746
756
751
751
750
757
743
758
745
745
753
737
748
741
743
742
748
736
754
740
743
754
739
751
747
748
752
759
747
765
753
754
764
750
763
757
761
763
770
759
777
764
765
777
761
775
770
773
774
784
771
789
776
778
789
773
788
783
785
787
796
784
802
789
791
802
787
800
795
-64737
801
809
797
815
803
804
815
801
814
809
812
814
823
807
823
806
805
812
796
807
801
803
803
811
797
816
800
801
807
790
800
794
792
792
796
782
797
782
782
789
772
782
775
776
774
780
766
781
766
767
773
757
768
761
762
761
766
752
769
753
754
761
746
756
749
751
749
756
742
757
744
744
751
736
747
740
742
743
752
740
756
744
747
-64780
742
755
750
753
754
763
750
769
756
757
767
754
766
761
765
766
774
763
780
768
769
779
766
778
774
776
779
787
775
793
779
782
793
778
790
787
790
790
801
787
806
793
795
805
792
804
800
802
805
813
801
820
807
808
819
805
818
813
817
814
817
803
817
802
801
807
791
800
793
793
792
797
783
797
783
782
789
773
782
776
776
775
-64756
766
781
767
766
775
757
768
761
762
762
766
753
768
755
755
761
747
756
750
750
751
755
743
758
744
745
752
736
747
741
741
742
747
735
750
736
737
744
729
740
734
737
738
746
735
752
739
741
752
737
750
744
748
750
757
746
763
751
752
762
749
760
756
759
761
770
757
775
762
764
774
760
773
768
772
772
782
769
787
775
776
787
772
786
780
784
-64750
794
782
800
787
789
800
785
798
794
797
798
808
795
814
800
803
813
799
812
807
808
807
810
797
812
796
798
805
790
802
796
799
799
805
790
807
790
790
797
781
790
783
783
782
787
774
789
773
774
780
765
775
767
768
768
772
759
774
760
760
767
752
761
754
756
756
760
748
762
749
749
757
740
751
745
746
745
752
737
754
739
741
748
-64803
743
739
741
744
751
740
757
745
746
756
743
754
751
752
755
763
751
768
756
758
768
754
765
762
764
767
775
763
780
767
770
780
766
778
774
777
778
788
775
793
780
783
792
778
791
787
789
791
800
789
806
793
795
806
791
804
800
803
804
814
802
819
807
809
819
805
818
809
809
807
812
797
814
798
798
806
788
798
790
791
790
795
780
-64741
780
781
787
771
780
774
774
773
778
765
780
765
765
772
757
766
759
761
759
766
751
766
753
754
760
744
755
749
749
749
754
742
757
743
744
750
736
746
740
741
740
747
733
749
735
736
744
730
742
737
740
742
751
738
755
743
746
754
740
753
749
751
753
762
749
766
755
756
766
752
765
760
763
764
773
762
779
765
768
779
764
777
772
775
777
-64751
774
791
778
781
790
777
789
785
788
790
798
786
805
790
794
804
789
803
797
801
803
812
799
819
804
807
818
801
811
802
802
802
805
794
810
795
795
804
784
796
788
789
787
793
777
794
778
778
785
769
779
772
772
771
777
763
778
763
764
771
755
765
758
759
759
763
751
766
752
752
759
744
754
747
749
748
753
742
756
742
743
750
735
745
-64797
741
740
746
733
748
734
736
744
731
742
739
741
743
752
739
756
743
746
756
741
754
750
751
755
762
750
768
755
757
767
753
766
761
763
766
774
762
780
767
769
779
765
778
773
776
778
786
775
792
780
781
792
777
790
786
789
790
800
787
806
792
795
805
790
804
799
802
804
814
800
819
806
808
818
800
810
802
801
800
804
791
806
790
-64747
798
780
790
783
784
781
787
774
788
774
774
781
764
775
767
768
768
772
759
774
760
760
768
751
762
754
757
755
760
748
763
748
750
756
741
752
744
747
745
752
738
753
741
741
748
733
743
738
738
738
744
732
746
733
735
744
731
743
738
742
742
751
739
757
744
745
755
742
754
750
752
753
763
750
768
755
757
767
753
766
760
765
765
774
763
779
-64768
768
780
765
778
773
776
778
787
774
793
779
782
792
777
791
786
789
790
800
788
805
792
795
805
791
804
799
801
805
813
801
819
806
808
815
797
806
799
800
799
805
792
809
796
796
805
788
798
790
791
789
794
781
796
780
780
788
770
781
774
775
773
778
765
780
766
765
773
756
767
760
761
760
765
752
768
752
754
761
745
755
749
750
-64787
756
742
757
743
744
751
736
746
740
742
741
747
733
750
735
739
747
734
747
741
745
746
754
742
760
747
749
759
746
757
753
755
757
766
754
771
759
760
770
757
769
765
767
769
778
765
784
771
772
783
769
782
777
779
782
791
778
796
783
786
796
781
794
790
793
794
804
791
809
797
798
809
795
808
803
806
808
818
805
823
810
810
815
798
-64729
800
801
801
808
794
813
796
797
804
786
796
789
789
788
794
777
795
778
779
786
769
779
772
772
772
778
762
778
765
763
771
756
765
758
760
759
765
750
765
752
753
759
744
754
748
749
749
753
741
756
743
743
750
735
746
739
740
740
746
733
750
737
739
749
735
747
743
746
747
756
743
761
748
751
759
746
759
754
757
758
767
755
772
759
-64773
771
758
770
766
769
770
779
767
785
771
774
783
771
783
778
781
783
792
779
798
784
787
796
783
796
791
794
795
805
792
811
798
800
810
796
809
804
807
810
819
806
823
807
805
812
794
806
798
801
800
807
796
812
797
797
805
787
797
789
790
789
793
779
795
779
779
787
769
780
772
774
772
778
764
778
765
764
772
756
766
759
760
759
-64771
751
767
752
753
760
745
754
748
750
748
756
740
757
743
743
751
736
746
739
741
740
748
735
753
740
743
752
738
751
746
748
751
759
747
764
752
752
764
749
762
757
761
761
771
758
776
763
766
775
761
774
769
773
773
783
771
788
775
778
787
775
787
781
785
787
795
783
802
788
790
801
787
799
795
798
799
810
796
815
801
804
815
800
813
-64727
811
814
821
806
821
803
804
811
795
805
800
802
801
809
792
808
793
793
799
782
792
785
786
784
789
775
790
776
775
783
765
776
769
770
769
774
760
776
761
761
769
753
763
755
758
756
762
749
763
750
751
757
742
753
746
746
747
752
739
755
741
741
749
734
743
738
739
741
749
738
754
742
744
754
740
752
747
751
752
760
748
766
754
754
-64771
752
763
759
761
764
772
761
777
765
767
777
763
776
770
775
776
784
773
790
777
779
790
776
788
784
786
789
797
785
803
790
793
803
788
802
797
799
802
811
798
817
804
806
816
802
816
810
814
811
815
801
815
800
801
810
793
805
799
801
799
805
790
805
789
790
796
779
790
781
784
781
786
773
788
773
772
780
764
773
767
768
767
-64765
759
774
759
759
767
752
760
755
755
755
761
747
762
748
749
757
741
750
745
746
745
751
738
753
740
740
748
732
742
738
741
741
751
738
756
743
745
755
741
753
749
752
753
761
750
767
754
756
767
752
765
760
762
765
774
761
779
766
768
778
765
777
772
775
777
786
773
793
778
780
791
777
790
785
788
789
799
787
805
791
794
804
790
803
797
-64735
804
812
800
818
805
807
818
804
816
810
811
808
812
798
814
798
801
808
794
803
798
798
797
801
786
803
786
787
793
777
786
780
779
780
784
769
786
770
771
777
762
771
765
765
765
771
755
772
757
758
765
749
759
752
754
753
759
745
761
747
747
754
740
750
743
744
744
751
736
752
738
739
747
731
743
739
741
743
752
740
756
744
747
755
-64793
754
750
752
755
762
751
768
755
758
767
753
766
761
765
765
775
762
781
766
770
779
766
778
773
776
779
787
774
793
780
782
792
777
791
786
789
791
800
788
805
793
794
806
791
804
799
802
804
814
800
820
806
808
819
804
816
807
808
805
810
796
811
796
796
802
785
796
788
788
788
793
777
793
779
778
786
768
779
772
772
772
777
763
-64758
763
765
771
754
765
758
760
758
765
750
766
752
752
759
744
754
748
749
748
754
741
756
742
743
751
735
745
739
741
740
746
733
748
735
736
742
730
743
737
740
742
749
739
755
743
745
754
741
753
748
751
753
761
749
767
753
756
766
752
764
760
763
764
773
761
779
765
768
778
764
776
772
775
776
786
773
791
777
781
790
776
789
785
787
789
-64738
786
804
790
794
803
789
803
797
800
803
811
799
818
804
806
818
800
809
801
801
800
806
793
809
795
797
805
791
801
795
796
793
799
784
800
784
784
791
775
784
777
778
777
783
767
784
769
768
776
760
770
763
764
763
769
755
770
756
756
764
748
758
752
752
752
758
744
759
746
747
753
738
749
743
743
743
750
735
752
737
739
748
736
-64789
742
746
747
755
743
761
748
750
760
746
758
754
756
759
766
755
772
760
761
771
758
770
765
768
771
778
767
784
772
773
784
769
783
778
780
783
791
779
797
784
786
797
781
796
790
793
796
804
792
810
797
800
809
796
808
804
807
808
818
806
824
810
812
818
800
809
800
802
799
806
789
806
790
789
797
780
789
783
783
782
787
773
788
-64763
774
780
764
774
767
768
767
773
759
774
759
760
767
751
761
755
756
755
761
747
763
749
748
757
741
751
745
746
746
751
738
754
740
740
749
733
743
737
737
739
744
731
746
733
736
744
732
743
739
742
743
751
740
757
744
746
756
742
755
749
753
754
763
751
768
755
758
767
754
765
762
765
766
774
762
781
767
770
779
766
778
773
777
778
788
774
-64743
780
781
793
778
791
785
790
791
800
787
806
793
794
806
791
804
800
802
804
814
801
819
806
806
812
795
803
796
797
795
801
786
801
786
786
793
776
787
779
779
779
785
769
786
769
771
778
761
772
765
765
765
770
756
772
757
758
765
750
759
752
754
754
759
746
761
746
748
754
739
749
744
744
744
750
736
752
738
739
747
731
741
736
-64799
736
743
729
746
733
734
745
731
743
739
741
743
751
739
757
743
746
755
742
754
750
752
753
763
750
768
755
757
767
753
766
760
764
766
774
762
780
766
769
779
765
778
773
776
778
786
774
793
779
781
792
777
790
786
789
790
800
786
805
793
794
804
791
803
799
802
804
812
801
819
804
805
811
793
802
794
796
794
799
784
800
784
785
792
-64761
784
779
778
778
783
768
785
769
769
777
760
771
763
765
763
770
755
771
756
758
763
749
759
751
754
752
758
745
760
747
747
754
739
749
743
744
744
750
736
752
738
739
746
731
742
734
737
737
743
729
746
733
736
745
731
744
739
742
743
751
740
757
744
746
756
743
754
750
753
754
763
751
768
755
758
768
754
765
762
764
767
775
762
781
767
769
-64756
766
778
774
776
779
787
775
793
779
782
793
778
791
786
789
792
799
788
806
793
795
805
791
805
799
803
805
813
801
819
804
803
809
792
801
795
797
797
804
791
807
793
793
799
783
793
785
786
785
790
775
792
775
776
783
766
777
770
770
769
776
761
776
761
762
769
753
764
756
758
757
763
748
765
750
750
758
742
753
746
747
747
753
-64797
755
741
741
749
734
744
738
739
739
745
732
749
736
738
749
734
747
742
745
746
755
743
760
747
750
759
745
758
753
756
758
766
755
771
759
761
771
757
770
765
768
770
778
767
784
771
773
783
770
782
777
781
782
791
778
797
784
786
797
781
795
791
793
795
804
792
810
797
799
810
795
809
804
806
809
818
805
823
805
805
810
794
804
798
-64736
800
807
793
811
794
795
802
783
795
787
787
786
791
777
792
777
777
784
767
778
771
771
770
776
761
778
762
763
769
754
764
757
758
759
763
749
765
751
751
758
743
754
747
748
747
754
739
755
742
742
750
734
745
738
741
738
747
735
752
739
741
752
737
750
745
748
750
757
746
763
751
752
763
748
761
756
759
762
769
757
775
762
764
774
760
-64762
768
771
773
781
770
787
774
777
787
772
785
781
784
785
794
782
800
787
789
800
785
799
794
796
799
807
795
814
800
803
812
799
812
807
810
812
821
803
819
803
802
809
794
804
798
802
801
808
793
810
794
793
801
783
793
787
786
785
791
776
791
776
777
783
767
776
770
771
769
776
760
778
761
762
769
754
763
757
758
758
763
748
-64771
750
752
757
743
753
746
748
747
754
739
754
743
741
750
734
744
738
740
741
750
738
755
743
745
754
740
753
748
751
753
761
749
767
754
755
765
752
764
760
762
764
773
761
778
766
767
777
765
776
771
775
777
785
772
791
779
779
791
776
789
784
787
789
798
786
803
791
794
803
789
802
797
800
803
811
798
818
804
807
817
802
816
811
813
-64724
816
800
816
800
801
809
794
805
800
801
799
806
788
805
790
788
796
780
789
782
782
781
787
771
788
772
773
780
763
773
767
767
766
772
758
773
758
760
766
751
760
754
755
755
760
746
762
748
748
756
740
751
744
745
745
751
738
753
739
740
747
732
743
737
740
742
751
738
755
744
745
754
741
754
748
751
753
762
749
767
754
756
766
752
765
-64776
763
764
774
761
779
765
768
779
764
776
772
775
777
786
773
791
779
780
790
777
789
785
788
789
799
786
804
791
793
804
789
802
798
801
803
811
800
818
804
807
817
803
816
810
809
807
811
796
812
796
795
803
785
795
788
789
787
792
777
795
777
779
785
769
779
771
772
772
777
762
779
763
764
770
756
764
759
759
758
765
749
766
-64784
752
759
744
754
747
749
748
754
741
756
742
743
750
735
745
740
740
740
747
732
748
735
735
743
728
739
734
737
739
747
735
752
740
742
751
738
750
745
748
750
758
746
764
750
753
763
749
761
756
760
761
769
758
776
762
764
775
761
773
768
771
774
782
769
788
774
777
787
773
785
782
784
785
795
782
801
786
790
800
786
798
794
797
799
808
-64741
814
801
802
814
799
812
804
804
802
807
792
809
794
795
805
789
800
795
798
799
805
791
807
792
791
798
781
791
784
784
784
789
773
789
774
775
781
765
775
768
770
767
774
759
775
761
761
768
752
762
755
757
756
761
748
763
750
749
757
742
751
746
746
746
752
738
754
741
741
748
735
747
743
745
747
755
743
761
748
750
759
747
758
753
-64780
759
767
754
771
760
761
771
757
770
765
769
769
779
766
784
772
773
784
769
782
777
781
782
792
778
797
784
786
796
782
795
791
793
795
804
792
810
797
799
810
795
809
803
807
808
818
805
824
811
813
823
806
815
806
807
805
812
796
816
800
802
809
793
803
796
795
795
800
783
801
785
784
791
775
784
778
778
776
783
767
783
768
-64767
775
760
769
762
763
763
768
754
770
756
755
763
747
757
751
752
751
758
742
759
746
745
753
737
748
741
743
743
748
735
750
737
738
749
734
746
743
744
747
754
743
760
747
750
759
745
758
753
756
757
766
754
771
759
760
771
756
770
764
768
769
778
765
784
769
774
783
768
782
776
781
781
791
778
796
783
784
796
782
793
790
793
794
803
791
-64727
796
798
809
795
807
802
806
808
817
804
823
809
811
816
797
808
800
801
801
808
793
813
797
799
808
791
801
795
794
793
799
782
799
783
784
789
774
783
776
778
776
781
767
783
767
768
775
759
768
762
763
761
768
753
769
755
755
763
746
757
750
751
751
757
743
758
744
745
753
736
748
740
743
741
748
735
750
738
740
750
736
748
744
746
-64787
757
743
763
749
751
760
748
759
754
758
760
767
756
773
761
763
772
758
771
767
769
772
779
768
785
773
775
784
771
784
778
782
783
793
780
798
785
787
798
782
797
791
795
796
806
793
811
798
800
811
796
810
805
807
810
819
807
824
808
806
813
794
804
797
798
796
801
785
802
787
786
793
777
786
779
780
778
785
769
785
770
770
-64758
761
771
764
765
764
770
756
771
757
758
764
749
759
752
754
752
760
744
760
747
747
755
738
749
743
744
744
750
736
752
737
739
747
731
741
735
737
737
742
729
747
734
736
746
732
744
739
743
744
752
740
758
745
746
757
743
755
751
754
755
763
752
769
756
758
769
754
767
762
765
767
775
764
781
768
770
781
767
779
774
777
779
788
776
794
780
-64753
793
779
792
787
790
791
801
789
806
794
796
807
791
805
800
804
806
814
801
819
803
801
809
791
801
795
797
796
805
790
806
791
790
797
781
791
782
784
783
788
773
789
774
773
781
764
775
768
769
767
774
758
775
760
760
768
751
762
756
755
756
762
747
763
749
750
756
741
752
745
746
746
752
738
754
740
741
748
733
743
737
738
738
745
-64803
750
737
740
749
735
748
743
746
747
756
744
761
748
751
760
746
759
754
757
758
767
755
773
759
763
771
758
771
765
769
771
779
767
785
771
775
783
771
783
778
780
783
792
780
797
784
787
797
783
795
791
794
796
804
793
811
797
800
810
795
810
804
807
810
818
802
819
802
801
809
792
802
798
798
799
807
793
811
797
797
804
788
797
-64747
790
789
794
779
794
779
780
786
770
780
773
773
772
779
762
779
765
764
772
756
765
759
760
760
765
750
766
752
753
760
744
755
748
749
748
755
741
756
743
743
751
735
745
740
741
741
749
738
755
742
744
755
740
753
748
750
752
761
749
766
753
756
765
752
763
760
761
764
773
759
779
764
768
776
764
776
771
773
777
784
772
790
777
780
789
-64760
788
784
787
788
797
785
803
790
792
803
788
801
797
800
801
811
797
817
804
805
816
802
814
811
813
814
818
802
818
801
801
807
791
800
792
794
792
797
782
798
782
783
790
772
783
776
775
776
780
766
782
766
767
775
757
768
761
763
761
767
753
768
754
755
761
746
756
750
751
750
757
742
758
744
744
753
736
747
741
741
742
748
734
-64787
736
737
744
729
739
734
735
737
746
733
751
738
741
749
736
749
743
747
748
756
745
762
749
751
761
747
759
755
758
759
768
756
773
760
763
773
759
771
767
769
771
780
768
785
773
775
785
770
784
779
782
783
792
781
798
785
787
798
783
797
791
795
797
805
793
811
798
801
811
796
810
804
808
805
810
794
811
793
797
804
788
800
794
795
-64742
798
784
799
784
784
791
775
784
777
778
777
782
768
783
769
768
775
761
770
762
764
763
769
754
770
756
756
763
748
758
751
752
752
758
743
760
745
746
754
738
748
742
743
743
749
736
750
737
738
746
730
740
736
737
741
747
737
754
740
743
752
739
751
746
749
750
760
747
764
752
753
764
750
762
758
760
762
771
758
776
763
766
775
762
774
-64767
772
775
782
771
789
775
778
787
774
786
782
785
786
795
784
801
788
791
800
787
799
795
797
800
809
796
815
801
804
814
800
813
808
808
806
811
795
812
797
797
806
791
801
795
795
794
799
783
800
784
785
791
774
785
776
778
777
783
767
784
768
769
775
760
770
762
764
763
768
755
770
756
755
763
748
758
751
752
752
758
743
759
746
-64790
753
738
748
742
743
743
749
735
751
737
737
745
731
741
736
739
741
749
737
755
742
743
754
740
752
747
751
752
760
748
765
753
755
764
751
763
759
762
763
772
759
777
765
767
776
763
775
771
773
776
784
771
790
777
779
789
774
788
783
786
788
797
784
802
790
791
802
788
800
796
799
801
810
797
817
802
805
815
801
814
806
805
804
809
-64743
811
796
797
806
790
803
796
800
799
806
791
806
790
791
798
780
790
783
784
781
789
772
789
774
774
780
764
775
767
768
767
773
758
774
760
759
767
751
761
755
755
755
761
746
763
748
748
756
740
751
744
746
745
751
737
753
739
740
747
734
746
741
744
745
755
742
759
747
749
758
745
757
752
755
757
765
753
771
758
759
770
756
769
763
-64769
769
776
765
783
770
771
782
768
781
775
780
780
789
778
795
782
784
795
780
793
789
792
793
803
789
808
795
797
808
793
806
802
805
807
815
804
822
808
810
821
804
813
804
805
803
810
795
813
797
797
804
787
797
789
790
788
795
778
795
779
779
786
769
780
772
773
773
777
763
780
763
765
771
755
766
759
760
759
764
750
767
752
752
-64777
745
754
748
748
749
754
740
757
742
743
750
735
745
739
740
740
746
733
748
734
735
746
732
744
739
742
744
752
739
758
744
747
756
742
755
750
753
755
763
751
768
755
758
768
754
766
761
765
766
775
762
780
768
769
780
766
778
773
777
778
787
775
793
779
782
792
779
790
786
789
791
800
788
805
793
794
805
791
804
799
802
804
813
801
-64717
806
808
815
797
807
799
800
799
806
792
809
795
797
805
791
802
798
798
796
802
785
803
786
787
792
777
786
780
780
778
784
769
785
770
770
778
761
771
764
765
765
769
756
771
756
757
764
748
758
752
752
753
758
744
759
746
746
753
739
747
743
743
